81,
110,
-5,
-5,
;
39,
63,
-96,
-5,
;
39,
63,
-145,
-5,
;
60,
36,
-194,
-5,
;
180,
64,
-264,
-5,
;
79,
86,
-454,
-5,
;
167,
180,
-96,
-101,
;
135,
111,
-543,
-5,
;
224,
158,
-273,
-101,
;
64,
61,
-5,
-126,
;
63,
58,
-507,
-126,
;
86,
82,
-580,
-126,
;
87,
87,
-507,
-218,
;
88,
67,
-604,
-218,
;
71,
68,
-5,
-218,
;
49,
45,
-86,
-295,
;
35,
52,
-145,
-295,
;
53,
103,
-190,
-295,
;
94,
73,
-253,
-295,
;
122,
84,
-357,
-295,
;
59,
67,
-604,
-295,
;
130,
66,
-5,
-372,
;
69,
56,
-489,
-372,
;
96,
72,
-568,
-372,
;
143,
171,
-145,
-438,
;
143,
171,
-298,
-438,
;
96,
72,
-5,
-454,
;
69,
56,
-451,
-454,
;
130,
66,
-530,
-454,
;
96,
72,
-451,
-530,
;
69,
56,
-557,
-530,
;
130,
66,
-5,
-596,
;
96,
72,
-557,
-596,
;
69,
56,
-688,
-5,
;
130,
66,
-5,
-678,
;
96,
72,
-676,
-126,
;
69,
56,
-702,
-208,
;
130,
66,
-145,
-678,
;
69,
47,
-702,
-274,
;
54,
55,
-674,
-331,
;
108,
99,
-663,
-530,
;
140,
46,
-285,
-678,
;
71,
123,
-674,
-396,
;
96,
69,
-435,
-639,
;
33,
29,
-688,
-71,
;
55,
49,
-663,
-639,
;
125,
82,
-767,
-5,
;
121,
81,
-782,
-97,
;
115,
126,
-782,
-188,
;